1524477130 seed, 30 fps, 1920x1080, fullScreen=1, version84_mouseSpeed1.000000_musicOff0_musicLoudness1.000000_webRetrySeconds16 6F2C7088047D7FE3BC46580D05539A5DE55671A2
0  
0  
0  
0  
4  mm 988 274 mm 986 277 mm 984 280 mm 981 284
0  
0  
0  
0  
0  
0  
0  
0  
0  
0  
4  mm 890 356 mm 889 356 mm 889 357 mm 888 357
0  
0  
0  
0  
0  
1  mb 1 1 888 357
1  mb 1 0 888 357
0  
0  
0  
0  
0  
0  
0  
0  
0  
0  
0  
0  
0  
0  
0  
0  
0  
0  
1 T 1524477142.285000 
0  
0  
0  
0  
0  
0  
0  
0  
0  
0  
0  
0  
0  
0  
0  
0  
0  
0  
0  
0  
0  
0  
0  
0  
0  
0  
0  
2  mb 1 1 888 357 mb 1 0 888 357
0  
0  
2  mb 1 1 888 357 mb 1 0 888 357
4  mb 1 1 888 357 mb 1 0 888 357 mb 1 1 888 357 mb 1 0 888 357
0  
2 T 1524477150.966000 T 1524477150.967000 
1 T 1524477150.990000 
1 T 1524477151.021000 
1 T 1524477151.057000 
1 T 1524477151.081000 
1 T 1524477151.130000 
1 T 1524477151.175000 
1 T 1524477151.208000 
1 T 1524477151.264000 
1 T 1524477151.297000 
1 T 1524477151.333000 
1 T 1524477151.372000 
1 T 1524477151.400000 
1 T 1524477151.462000 
1 T 1524477151.500000 
1 T 1524477151.543000 
1 T 1524477151.565000 
1 T 1524477151.601000 
1 T 1524477151.632000 
1 T 1524477151.660000 
1 T 1524477151.696000 
1 T 1524477151.735000 
1 T 1524477151.761000 
1 T 1524477151.804000 
1 T 1524477151.839000 
1 T 1524477151.874000 
1 T 1524477151.916000 
1 T 1524477151.967000 
1 T 1524477152.018000 
1 T 1524477152.066000 
1 T 1524477152.099000 
0  
0  
0  
0  
0  
0  
0  
0  
0  
0  
0  
0  
0  
0  
0  
0  
0  
0  
0  
0  
0  
0  
0  
0  
0  
0  
0  
0  
0  
0  
0  
0  
0  
0  
0  
1 T 1524477153.461000 
0  
0  
0  
0  
0  
0  
0  
0  
0  
0  
0  
0  
0  
0  
0  
0  
0  
0  
0  
0  
0  
0  
0  
0  
0  
0  
0  
0  
0  
0  
0  
0  
0  
0  
0  
0  
0  
0  
0  
0  
0  
0  
0  
0  
0  
0  
0  
0  
0  
0  
0  
1  kd 27 888 357
0  
1  ku 27 888 357
0  
0  
0  
0  
0  
0  
0  
0  
0  
0  
0  
0  
0  
0  
0  
0  
0  
0  
0  
0  
0  
0  
0  
0  
1  sd 113 888 357
0  
0  
0  
0  
0  
0  
0  
0  
1  kd 37 888 357
