0,0 0
0,0 0
0,0 0
0,0 0
0,0 0
0,0 0
0,0 0
0,0 0
0,0 0
0,0 0
0,0 0
0,0 0
0,0 0
0,0 0
0,0 0
0,0 0
0,0 0
0,0 0
0,0 0
0,0 0
0,0 0
0,0 0
0,0 0
0,0 0
0,0 0
0,0 0
0,0 0
0,0 0
0,0 0
0,0 0
0,0 0
0,0 0
0,0 0
0,0 0
0,0 0
0,0 0
0,0 0
0,0 0
0,0 0
0,0 0
0,0 0
0,0 0
0,0 0
0,0 0
0,0 0
0,0 0
0,0 0
0,0 0
0,0 0
0,0 0
0,0 0
0,0 0
0,0 0
0,0 0
0,0 0
0,0 0
0,0 0
0,0 0
0,0 0
0,0 0
0,0 0
0,0 0
0,0 0
0,0 0
0,0 0
0,0 0
0,0 0
0,0 0
0,0 0
0,0 0
0,0 0
0,0 0
0,0 0
0,0 0
0,0 0
0,0 0
0,0 0
0,0 0
0,0 0
0,0 0
0,0 0
0,0 0
0,0 0
0,0 0
0,0 0
0,0 0
0,0 0
0,0 0
0,0 0
0,0 0
0,0 0
0,0 0
0,0 0
0,0 0
0,0 0
0,0 0
0,0 0
0,0 0
0,0 0
0,0 0
nextPlacementIndex=0
